chest

dice_train: 0.9764794087799983 dice_valid: 0.9749626692225737 dice_test: 0.9737673495263708

miou_train: 0.9540398279785147 miou_valid: 0.9511484508404449 miou_test: 0.9488758217514863

precision_train: 0.9839473579573375 precision_valid: 0.9755706526772465 precision_test: 0.9781354923037355

recall_train: 0.9691239659650561 recall_valid: 0.9743554430962575 recall_test: 0.9694380476665194

accuracy_train: 0.990728599267468 accuracy_valid: 0.9906432937327824 accuracy_test: 0.9885022352174341



chest

dice_train: 0.9764794087799983 dice_valid: 0.9749626692225737 dice_test: 0.9737673495263708

miou_train: 0.9540398279785147 miou_valid: 0.9511484508404449 miou_test: 0.9488758217514863

precision_train: 0.9839473579573375 precision_valid: 0.9755706526772465 precision_test: 0.9781354923037355

recall_train: 0.9691239659650561 recall_valid: 0.9743554430962575 recall_test: 0.9694380476665194

accuracy_train: 0.990728599267468 accuracy_valid: 0.9906432937327824 accuracy_test: 0.9885022352174341



