chest

dice_train: 0.9646171537969169 dice_valid: 0.9604004130018275 dice_test: 0.9649429447302659

miou_train: 0.9316526320040212 miou_valid: 0.9238176169105345 miou_test: 0.9322606322207072

precision_train: 0.9559481071073294 precision_valid: 0.9623691162842165 precision_test: 0.9559575152880592

recall_train: 0.9734448704574699 recall_valid: 0.9584397479660686 recall_test: 0.9740988922763695

accuracy_train: 0.9863078676421067 accuracy_valid: 0.9854085286458333 accuracy_test: 0.986278788248698



